import pygame
pygame.init()
pygame.display.set_caption("Grid game :3")
screen = pygame.display.set_mode((1000, 800))
clock = pygame.time.Clock()
gameover = False

map = [[2,2,2,2,2,2,2,2,2,2,2,2,2,2,2,2,2,2,2,2],
       [2,0,0,0,0,0,0,0,0,2,0,0,0,0,0,0,0,0,0,2],
       [2,0,0,0,0,0,0,0,0,2,0,0,0,0,0,0,0,0,0,2],
       [2,0,0,2,2,2,2,0,0,2,0,0,0,0,0,0,0,0,0,2],
       [2,0,0,0,0,0,0,0,0,2,0,0,0,0,0,0,0,0,0,2],
       [2,0,0,0,0,0,0,0,0,2,0,0,0,0,0,0,0,0,0,2],
       [2,2,2,0,0,0,0,2,2,2,0,0,0,0,0,0,0,0,0,2],
       [2,2,2,2,0,0,0,0,0,2,0,0,0,0,0,0,0,0,0,2],
       [2,2,2,2,2,0,0,0,0,2,0,0,0,0,0,0,0,0,0,2],
       [2,2,2,2,2,1,1,0,0,2,2,0,0,0,0,0,0,0,0,2],
       [2,0,0,0,0,0,0,0,0,0,2,0,0,0,0,0,0,0,0,2],
       [2,0,0,0,0,0,0,0,0,0,2,0,0,0,0,0,0,0,0,2],
       [2,0,0,0,0,0,0,0,0,0,0,0,0,0,0,0,0,0,0,2],
       [2,0,0,0,0,0,0,0,0,0,0,0,0,0,0,0,0,0,0,2],
       [2,1,1,1,1,1,1,1,1,1,2,0,0,0,0,0,0,0,0,2],
       [2,2,2,2,2,2,2,2,2,2,2,2,2,2,2,2,2,2,2,2]]

brick = pygame.image.load('brick.jpeg')
dirt = pygame.image.load('dirt.jpeg')

while not gameover:
    clock.tick(60)
    #input
    for event in pygame.event.get():
        if event.type == pygame.QUIT:
            gameover = True
    #physics -----------------------------------------------------------------
        
    #Render ------------------------------------------------------------------
    
    screen.fill((0,0,0))
    #draw map :D
    for i in range(16):
        for j in range(20):
            if map[i][j] == 1:
                screen.blit(dirt, (j * 50, i * 50), (0, 0, 50, 50))
            if map[i][j] == 2:
                screen.blit(brick, (j * 50, i * 50), (0,0,50, 50))
        
        pygame.display.flip()

pygame.quit
